Alle L채nge 200

catonmat.net:
1 1 0 0 1 1 0 0 1 0 1 0 1 1 1 1 1 1 1 1 0 0 1 0 1 1 1 0 0 1 1 1 1 1 1 1 1 0 0 1 1 0 1 1 0 0 0 1 0 0 0 0 1 1 0 0 1 1 1 1 1 1 1 1 0 1 1 1 1 0 0 1 1 1 1 1 1 1 0 0 1 0 0 0 1 1 1 0 1 1 1 0 0 0 1 0 1 0 0 0 0 1 0 1 0 0 0 1 0 1 0 1 1 0 1 1 1 0 1 1 0 1 0 0 1 0 0 0 0 1 0 1 0 0 0 0 0 0 0 0 1 1 1 0 0 0 0 0 1 1 0 1 0 0 0 0 1 1 0 1 0 1 0 1 0 0 1 1 0 1 0 0 0 0 0 0 0 0 0 1 0 0 1 0 0 0 1 1 0 1 1 0 1 1 0 1 1 0 1 0

1 1 1 0 1 1 1 0 0 0 0 0 0 0 1 0 0 1 1 1 1 1 1 1 0 1 1 0 1 0 0 1 1 1 1 1 0 0 0 1 1 0 0 1 0 1 0 0 0 0 1 1 1 0 1 1 0 0 0 1 1 1 0 0 1 0 1 0 1 1 0 1 1 0 1 0 0 0 0 1 0 1 1 1 1 1 1 1 0 1 0 0 0 0 1 1 0 1 1 1 0 0 0 1 1 1 0 1 0 1 1 0 0 0 1 0 1 1 1 1 0 1 0 0 0 1 0 0 0 1 1 1 1 0 1 1 1 1 0 1 0 1 1 0 1 0 0 0 0 0 0 0 0 0 0 0 1 0 0 1 0 0 0 0 1 1 1 0 1 1 1 0 0 1 1 1 0 0 1 0 0 0 1 1 1 1 0 0 0 1 1 0 0 0 0 1 1 0 1 1

0 1 0 0 1 0 0 0 0 0 1 1 0 0 1 1 0 0 0 1 1 1 0 0 1 0 1 0 0 0 0 0 0 1 1 0 1 1 1 1 0 0 1 1 1 0 0 1 1 0 1 1 1 1 1 0 1 0 1 0 1 1 1 0 1 1 0 1 0 1 0 0 1 0 0 0 0 1 1 0 1 1 1 1 0 0 0 0 0 1 1 1 1 0 1 0 0 1 1 0 0 1 0 0 0 0 0 1 0 0 0 0 0 1 1 0 1 1 1 1 1 1 0 1 1 0 1 1 0 0 1 1 1 0 1 1 0 0 1 0 0 1 1 0 0 1 1 0 1 1 1 1 1 1 1 0 1 1 1 1 1 0 1 1 1 1 1 1 1 0 0 1 1 0 0 0 0 0 0 1 1 1 0 0 1 1 0 1 1 0 0 0 1 0 0 1 0 0 1 1

browserling.com:

00000000010001011010000011111100001000001010101010100100101110011110010010011000110101111101010011101000110000000100011000000011101100011000111111111001111011001100110000100011111100110001111101110011

10000000011000000100101001111100101000010011110000011000011001111100000010011000010110000100111101101011001011010001010101110111101101011101101110000001101101011101110100101001101100001001010001010101

11111101100100000101011100101111000001111010000000110010111101011010001001101111111111101000100010011010001111110000000011010011111000111111111001100111010101000101000000100110001010000101111100101010

random.org:

01100110 00100101 00001111 10101011 00101110 10110001 00010010 11000101 
00000011 00001110 01111111 00111111 01011011 01001100 11110000 00011101 
11101100 01111001 00100001 11100000 01100010 00011101 11010011 01100100 
10010011

11100001 10000001 10100111 11111000 11011011 01000010 10010000 00100111 
00011010 00110010 11001011 01001010 00100110 01110101 00011010 11000101 
00000011 10100001 00111111 01110100 11101001 00000111 01101111 11001000 
10101011 

00001001 00001011 01011001 01111011 00110011 00111111 00101100 01000011 
01101101 10011100 01101010 10100000 10010010 01000101 00011100 00010111 
01100100 11110101 01111000 10010101 11011101 11001111 01000010 01001011 
00000110 

Personen:

11001010111000110011010010011111001010101101100011010101010101111010001001110001010101110011011110011100001101010111001010110001101011101000111100011110010101011001100010001010110110011100001110101010

10101000100110011010101010101011110011010001100110011010001110011000110100111010101010000011100010111100010101000111010100101010101011110001101010101010101010101110110001110111101001110100001110110110

11001101100001101011100011101010001101101110011010101111000111001010100001101110001010110011010011011110011100011101010011011010010101100011010001100011101011011100010101101001110101100011011110101010

01010111101001010101111000101010110100010001110001101010100010111010100010100111111010100010110101111010101110000000101101010111010110101000101111010100001010111100010101010100010101010101010000011100

11100110001110110101110001110011110101010110001111001110001110000000111111010101011011001100011001111010101100010111010011110100011010110101110001001010011000110101011100001101010110110001100011001010

durchgef체hrter M체nzwurf l = 100 Kopf = 1 Zahl = 0:

0 0 1 1 0 1 1 0 0 0 0 1 0 0 1 1 1 0 1 0 0 0 0 0 1 0 1 0 1 1 1 1 0 1 0 0 0 1 1 0 1 0 1 1 0 0 1 1 0 0 0 0 0 0 1 0 1 0 1 1 1 1 1 1 0 1 0 0 0 1 0 0 0 1 0 1 0 0 0 0 0 0 0 0 1 0 0 0 1 1 1 1 0 1 1 1 1 1 0 0 0



Wuerfel l=100:

Generator: 

7 7 8 11 11 10 6 5 7 7 11 6 5 6 5 8 6 12 10 7 5 6 10 10 7 7 5 6 5 6 7 7 9 11 9 9 8 5 9 8 11 9 9 9 5 3 8 7 11 8 7 3 10 4 3 5 9 9 9 6 4 5 9 7 4 7 5 6 7 10 7 7 6 9 3 8 4 12 3 8 6 7 12 12 6 4 10 6 5 6 11 5 7 2 4 5 11 5 4 5

5 7 9 9 6 5 7 3 8 5 4 7 7 6 5 11 7 3 8 8 5 5 4 11 7 6 9 6 8 5 7 11 4 4 5 8 2 10 11 7 6 8 9 9 6 2 7 7 10 9 2 7 9 10 9 4 2 11 7 3 12 9 6 10 6 5 10 8 9 4 6 10 9 5 7 6 6 8 4 12 6 5 4 4 4 4 6 9 8 4 4 11 7 7 7 7 3 7 10 4

4 8 3 11 7 4 9 9 5 5 2 11 8 5 5 7 6 5 7 3 10 5 8 7 6 9 6 7 10 5 4 3 4 5 9 5 10 8 8 6 8 5 7 6 8 7 7 11 7 9 8 7 7 12 9 9 9 4 7 4 7 2 6 12 8 7 9 10 9 6 12 11 5 7 8 4 9 9 4 11 9 6 4 6 8 6 7 7 9 8 8 7 8 7 9 6 11 3 8 9

Person:

7 7 6 5 10 12 11 4 7 6 10 3 8 2 9 5 10 11 4 5 7 6 9 8 5 7 11 6 5 10 4 9 5 10 12 2 5 7 11 10 9 10 5 11 4 9 5 11 5 4 3 8 11 6 7 12 10 5 7 7 3 8 9 11 12 7 6 5 4 9 4 2 7 11 6 5 10 12 5 7 7 7 4 8 8 11 5 10 4 3 10 4 5 11 10 5 6 7 6 7 

7 7 7 6 11 12 5 10 4 9 5 11 6 11 5 10 4 4 10 5 2 12 7 7 6 6 5 11 11 10 4 9 3 2 12 7 7 7 7 10 5 11 6 9 3 8 8 4 9 5 10 6 11 7 12 7 6 7 7 6 7 10 9 4 10 11 12 7 6 11 10 5 10 4 9 3 9 5 4 10 5 11 6 11 10 5 4 9 4 10 5 11 6 12 7 11 5 10 10 4 

7 6 11 12 5 10 4 9 4 10 5 7 6 7 3 2 8 7 6 11 5 10 4 9 7 7 6 5 11 5 10 4 9 3 8 2 7 12 6 11 7 6 5 10 11 6 5 9 4 7 7 8 6 8 6 7 8 6 5 11 10 7 6 3 2 12 7 7 7 11 6 10 5 4 9 3 8 10 5 11 6 12 11 6 7 7 6 7 6 6 7 7 10 4 5 11 10 9 4 5

selbst durchgef체hrt:

10 11 7 7 5 6 7 6 4 7 5 5 4 9 5 10 9 4 4 12 7 9 5 6 2 7 6 11 8 8 7 8 6 4 7 11 11 7 4 11 8 8 3 3 9 3 9 6 7 6 8 11 12 8 12 5 10 4 10 5 2 5 11 6 5 11 7 5 7 4 5 12 7 9 9 2 8 11 8 7 9 3 8 7 10 9 7 5 6 7 7 6 6 7 8 4 5 10 4 6

